CALSPHERE 1             
1 00900U 64063C   24333.73072631  .00001933  00000+0  19913-2 0  9992
2 00900  90.2120  58.9317 0026022 199.4143 332.0399 13.75621458993643
CALSPHERE 2             
1 00902U 64063E   24334.19251579  .00000114  00000+0  15804-3 0  9991
2 00902  90.2281  62.6631 0020307  70.1978 357.1771 13.52834964780329
LCS 1                   
1 01361U 65034C   24333.69532718  .00000000  00000+0 -11574-2 0  9995
2 01361  32.1420  79.6915 0009598 275.7854  84.1549  9.89307241153880
TEMPSAT 1               
1 01512U 65065E   24333.62572361  .00000126  00000+0  23415-3 0  9994
2 01512  89.9668 213.4650 0070894  37.9854 350.7131 13.33543884884677
CALSPHERE 4A            
1 01520U 65065H   24334.18737446  .00000249  00000+0  46329-3 0  9997
2 01520  89.9329 127.1007 0067848 257.5548 277.2505 13.36137362887665
OPS 5712 (P/L 160)      
1 02826U 67053A   24333.90515454  .00019985  00000+0  37249-2 0  9995
2 02826  69.9223 331.3523 0003539 261.6808  98.3932 14.65019147983037
LES-5                   
1 02866U 67066E   24333.89135719 -.00000083  00000+0  00000+0 0  9995
2 02866   1.3661 121.7030 0056495 174.1408 188.3082  1.09425983124850
SURCAL 159              
1 02872U 67053F   24333.73873537  .00000525  00000+0  39769-3 0  9996
2 02872  69.9722 138.2240 0004854 157.9446 202.1870 13.99359356931098
OPS 5712 (P/L 153)      
1 02874U 67053H   24333.67141798  .00000232  00000+0  20569-3 0  9991
2 02874  69.9738 247.3131 0009246 227.0601 132.9730 13.96679609927813
SURCAL 150B             
1 02909U 67053J   24333.90662859  .00068622  00000+0  60621-2 0  9991
2 02909  69.9339 260.9222 0003346 256.8183 103.2601 14.95949864995525
OPS 3811 (DSP 2)        
1 05204U 71039A   24333.87789069 -.00000061  00000+0  00000+0 0  9996
2 05204   1.2335 283.8971 0023161 355.5592 132.2319  0.98161449200681
RIGIDSPHERE 2 (LCS 4)   
1 05398U 71067E   24334.17123345  .00002580  00000+0  85586-3 0  9997
2 05398  87.6211 135.6555 0059323 307.4705  52.1106 14.36536922792958
OSCAR 7 (AO-7)          
1 07530U 74089B   24333.92482132 -.00000018  00000+0  17868-3 0  9991
2 07530 101.9895 330.1817 0012338 129.1561 257.6539 12.53683140289688
STARLETTE               
1 07646U 75010A   24333.90530604 -.00000108  00000+0  28230-4 0  9996
2 07646  49.8220 175.8551 0205595 355.6240   4.2852 13.82337972516348
LAGEOS 1                
1 08820U 76039A   24333.31491455  .00000027  00000+0  00000+0 0  9997
2 08820 109.8530 345.5149 0044027  63.1225 306.0413  6.38664913877008
OPS 8701 (DSP 10)       
1 13086U 82019A   24333.86233909 -.00000118  00000+0  00000+0 0  9992
2 13086  10.4443 313.3372 0005253 279.7766  94.7095  0.98190666 20110
PHASE 3B (AO-10)        
1 14129U 83058B   24332.09247481 -.00000458  00000+0  00000+0 0  9996
2 14129  27.2897 313.4548 6040192 320.2834   8.1478  2.05873116283819
UOSAT 2 (UO-11)         
1 14781U 84021B   24333.78008932  .00005352  00000+0  58677-3 0  9998
2 14781  97.7280 298.4554 0006213 250.8677 109.1867 14.88130061172958
AJISAI (EGS)            
1 16908U 86061A   24333.94558778 -.00000107  00000+0 -66482-4 0  9992
2 16908  50.0093  85.4894 0011395 180.8179 299.9328 12.44509231410002
TDRS 3                  
1 19548U 88091B   24333.93423038 -.00000283  00000+0  00000+0 0  9992
2 19548  13.0365 344.7804 0039830 337.3928  33.4816  1.00279346119700
COSMOS 1989 (ETALON 1)  
1 19751U 89001C   24334.14130844 -.00000009  00000+0  00000+0 0  9990
2 19751  64.6333  91.5686 0023738 216.2042 315.3847  2.13156121279398
COSMOS 2024 (ETALON 2)  
1 20026U 89039C   24333.46124312 -.00000041  00000+0  00000+0 0  9991
2 20026  65.2604 329.9562 0019838 216.6047 213.4856  2.13204525276442
FLTSATCOM 8 (USA 46)    
1 20253U 89077A   24333.49129330 -.00000350  00000+0  00000+0 0  9996
2 20253  12.5844 354.5550 0006442 262.6588 113.3572  1.00272187254896
LUSAT (LO-19)           
1 20442U 90005G   24333.93187599  .00000672  00000+0  25835-3 0  9992
2 20442  98.8941 328.6613 0012660  65.2332 295.0167 14.33774858821447
HST                     
1 20580U 90037B   24333.66467875  .00014424  00000+0  61570-3 0  9994
2 20580  28.4698 320.4190 0002115  41.5169 318.5585 15.21396358702072
SKYNET 4C               
1 20776U 90079A   24333.73610167  .00000142  00000+0  00000+0 0  9998
2 20776  13.5221 353.6627 0003463 261.4500 111.3832  1.00277089125229
USA 65 (DSP 15)         
1 20929U 90095A   24333.33306262 -.00000221  00000+0  00000+0 0  9999
2 20929  14.3581 347.9800 0003449 106.3536 256.7843  0.98400259 19902
TDRS 5                  
1 21639U 91054B   24333.50265345 -.00000286  00000+0  00000+0 0  9990
2 21639  14.1414 357.9084 0006245 257.3474 291.2363  1.00278889122030
USA 75 (DSP 16)         
1 21805U 91080B   24333.09821087  .00000082  00000+0  00000+0 0  9992
2 21805  14.3122 349.5543 0003421 119.6137  53.3617  0.99184314 20097
LAGEOS 2                
1 22195U 92070B   24334.19684799 -.00000009  00000+0  00000+0 0  9994
2 22195  52.6547 263.7217 0137326 299.9049 209.5585  6.47293761759046
TDRS 6                  
1 22314U 93003B   24333.56797613 -.00000280  00000+0  00000+0 0  9995
2 22314  14.1697   1.2114 0009773 188.3054  36.8476  1.00279386116734
SCD 1                   
1 22490U 93009B   24333.76820500  .00001336  00000+0  31684-3 0  9998
2 22490  24.9692  97.5205 0042011 275.6842 237.7255 14.45613109679198
UFO 2 (USA 95)          
1 22787U 93056A   24332.30257708  .00000140  00000+0  00000+0 0  9998
2 22787  11.7062   6.5398 0004636 237.2160 320.5859  1.00275221112866
STELLA                  
1 22824U 93061B   24333.96480531  .00000006  00000+0  21167-4 0  9994
2 22824  98.8565  22.6295 0007451  81.8798  43.5922 14.27442729624138
EYESAT A (AO-27)        
1 22825U 93061C   24333.62061972  .00000547  00000+0  22659-3 0  9998
2 22825  98.7674  27.9417 0007692 323.9910  36.0753 14.30667298626120
ITAMSAT (IO-26)         
1 22826U 93061D   24333.41458650  .00000579  00000+0  23705-3 0  9997
2 22826  98.7623  27.6044 0008068 307.4665  52.5783 14.31066310626383
USA 99 (MILSTAR-1 1)    
1 22988U 94009A   24333.38695635 -.00000182  00000+0  00000+0 0  9991
2 22988  16.7648  33.7309 0002929 229.1153 214.1987  1.00270507 27286
RADIO ROSTO (RS-15)     
1 23439U 94085A   24333.89926143 -.00000028  00000+0  40994-3 0  9993
2 23439  64.8132 137.4010 0146533 112.1358 249.5192 11.27580499232168
UFO 4 (USA 108)         
1 23467U 95003A   24333.83523236 -.00000002  00000+0  00000+0 0  9997
2 23467   9.6850  14.9791 0005070 216.8780 309.3887  1.00274345109281
TDRS 7                  
1 23613U 95035B   24334.07740376 -.00000183  00000+0  00000+0 0  9998
2 23613  13.6132 352.0788 0021813  72.9347 115.9775  1.00266558107481
USA 115 (MILSTAR-1 2)   
1 23712U 95060A   24333.70560642 -.00000004  00000+0  00000+0 0  9993
2 23712  13.8630   7.8543 0003858 266.9167 287.3239  1.00273355 25979
POLAR                   
1 23802U 96013A   24326.78131033  .00000137  00000+0  00000+0 0  9996
2 23802  79.2499 233.1228 5967963 228.4010  62.4543  1.29846786137422
INMARSAT 3-F1           
1 23839U 96020A   24333.61064596 -.00000338  00000+0  00000+0 0  9997
2 23839   9.4141  51.5681 0008485 184.7733 172.5027  0.99991255104592
USA 119                 
1 23893U 96029A   24333.84258183  .00004559  00000+0  94026-3 0  9991
2 23893  63.3295 228.0155 0821738  40.7432 325.2168 13.43982712 29229
JAS-2 (FO-29)           
1 24278U 96046B   24333.63192148  .00000016  00000+0  49613-4 0  9990
2 24278  98.5868 246.7545 0350893 122.2661 241.2989 13.53223223396672
INMARSAT 3-F2           
1 24307U 96053A   24334.01554920 -.00000028  00000+0  00000+0 0  9990
2 24307   8.5674  59.4425 0005725 178.7273 196.9235  1.00000863103301
INMARSAT 3-F3           
1 24674U 96070A   24333.30522663 -.00000026  00000+0  00000+0 0  9994
2 24674   9.0852  54.8253 0008710 191.3916 185.1197  0.99982853102257
GALAXY 25 (G-25)        
1 24812U 97026A   24333.60957674 -.00000229  00000+0  00000+0 0  9992
2 24812   5.9598  74.2851 0001730  47.8935 326.8139  0.99094246100623
NAVSTAR 43 (USA 132)    
1 24876U 97035A   24332.81272777  .00000056  00000+0  00000+0 0  9995
2 24876  55.7279 120.7327 0086002  54.9538 305.8383  2.00561944200593
FORTE                   
1 24920U 97047A   24333.72102864  .00000907  00000+0  39148-3 0  9992
2 24920  69.9530 210.8395 0024024 322.6388  37.3062 14.27461350417975
AMC-3                   
1 24936U 97050A   24333.78657926 -.00000236  00000+0  00000+0 0  9990
2 24936   6.7546  70.4022 0002870 181.0217  27.9177  1.00270676 46761
USA 134                 
1 25019U 97065A   24334.15257580 -.00000042  00000+0  00000+0 0  9998
2 25019  12.1071  25.7441 0004532 249.5269  95.7170  1.00272748 25945
NAVSTAR 44 (USA 135)    
1 25030U 97067A   24330.42495170  .00000063  00000+0  00000+0 0  9990
2 25030  55.6024 192.6046 0019439 254.8948 280.1962  1.88437913195971
ORBCOMM FM06            
1 25118U 97084G   24333.86031523  .00006589  00000+0  19199-2 0  9996
2 25118  45.0137 248.9649 0001747 334.0533  75.0236 14.44737605412541
INMARSAT 3-F5           
1 25153U 98006B   24333.68663667 -.00000267  00000+0  00000+0 0  9996
2 25153   8.4188  58.6281 0005054 198.6332   3.9813  1.00268409 98228
ORBCOMM FM04            
1 25159U 98007C   24333.81018764  .00004477  00000+0  16372-2 0  9998
2 25159 107.9655  87.2996 0044344 237.9992 121.6834 14.33739359395490
CELESTIS-02 & TAURUS R/B
1 25160U 98007D   24334.07752405  .00000640  00000+0  33972-3 0  9990
2 25160 108.0015 271.6903 0061745  17.0547 353.9609 14.22179212390385
NOAA 15                 
1 25338U 98030A   24334.11645323  .00000564  00000+0  25025-3 0  9993
2 25338  98.5546 357.7114 0009928 196.8425 163.2427 14.26809828380959
TECHSAT 1B (GO-32)      
1 25397U 98043D   24334.20386869  .00000414  00000+0  19967-3 0  9991
2 25397  98.9461 303.5922 0002192  62.9368 297.2034 14.24200037371121
ORBCOMM FM19            
1 25415U 98046C   24333.79794309  .00005096  00000+0  17410-2 0  9991
2 25415  44.9950  47.0285 0003859 306.1495 148.2885 14.37242164375363
ORBCOMM FM20            
1 25416U 98046D   24333.66526780  .00003825  00000+0  13424-2 0  9993
2 25416  44.9950  50.3302 0002119 258.3847 101.6763 14.36362509375428
ASTRA 2A                
1 25462U 98050A   24333.88379858  .00000093  00000+0  00000+0 0  9992
2 25462   5.6637  75.5456 0002951 175.6277 192.4575  1.00271681 40678
ORBCOMM FM27            
1 25481U 98053G   24333.78575068  .00004919  00000+0  16893-2 0  9997
2 25481  45.0029 137.1111 0001293 188.3790 171.7036 14.37041624368833
SCD 2                   
1 25504U 98060A   24333.68506536  .00001162  00000+0  27561-3 0  9996
2 25504  24.9968 318.5733 0016651 268.7680 252.0181 14.45067170378420
ISS (ZARYA)             
1 25544U 98067A   24333.96079159  .00023281  00000+0  41427-3 0  9997
2 25544  51.6398 219.0558 0006779 277.6674 199.7958 15.50011369484108
SWAS                    
1 25560U 98071A   24333.49247913  .00012940  00000+0  95837-3 0  9997
2 25560  69.8983 240.0000 0004765  14.0576 346.0716 15.03264632412055
SKYNET 4E               
1 25639U 99009B   24333.87215660 -.00000016  00000+0  00000+0 0  9998
2 25639  11.7278  12.1945 0003650 239.5115 129.2890  1.00273961 94356
DLR-TUBSAT              
1 25757U 99029B   24334.20575508  .00000594  00000+0  15829-3 0  9998
2 25757  98.6106 301.9952 0013094 269.1134  90.8561 14.52112161351349
CXO                     
1 25867U 99040B   24337.10248963  .00000640  00000+0  00000+0 0  9990
2 25867  44.9628 140.7483 8701992 304.6886   0.0128  0.37806732 26354
ABS-6                   
1 25924U 99053A   24333.83253906 -.00000092  00000+0  00000+0 0  9999
2 25924   0.0066  40.7110 0002717 216.0579 270.1850  1.00269898 92171
NAVSTAR 46 (USA 145)    
1 25933U 99055A   24333.91700204 -.00000074  00000+0  00000+0 0  9998
2 25933  51.9518 320.0904 0117978 157.9967 208.8804  2.00565561184247
UFO 10 (USA 146)        
1 25967U 99063A   24333.01028778 -.00000169  00000+0  00000+0 0  9999
2 25967   9.5767  29.9437 0007081 224.0509 154.2860  1.00269145 91674
ORBCOMM FM32            
1 25982U 99065C   24333.71638746  .00004124  00000+0  14707-2 0  9993
2 25982  45.0157 326.8197 0003600 102.6157 257.5093 14.35424043305781
XMM-NEWTON              
1 25989U 99066A   24329.96302274 -.00000034  00000+0  00000+0 0  9992
2 25989  67.1521 290.6193 4994927  74.6606   0.2373  0.50140222 20159
TERRA                   
1 25994U 99068A   24334.11051840  .00001616  00000+0  34404-3 0  9998
2 25994  98.0285  32.6192 0002094 174.2271 214.1335 14.60267380327238
GALAXY 11 (G-11)        
1 26038U 99071A   24333.75530226 -.00000230  00000+0  00000+0 0  9994
2 26038   5.3006  77.3448 0000562 226.8345 165.8980  0.99042378 91415
USA 148                 
1 26052U 00001A   24333.41091169  .00000056  00000+0  00000+0 0  9991
2 26052  10.9784  36.5761 0003304 236.9962 122.4404  1.00274208 27281
ASIASTAR                
1 26107U 00016A   24333.80778720 -.00000310  00000+0  00000+0 0  9990
2 26107   7.7991  63.9540 0005090 192.4073 207.6437  1.00270592 90259
IMAGE                   
1 26113U 00017A   24333.03670767  .00000396  00000+0  16421-1 0  9994
2 26113  94.0007 306.3123 7629431 356.1454   0.1566  1.68653469151950
USA 149 (DSP 20)        
1 26356U 00024A   24333.30722264  .00000114  00000+0  00000+0 0  9993
2 26356  12.7408  15.7179 0000990 349.5757   7.8932  1.00284958 27234
NAVSTAR 47 (USA 150)    
1 26360U 00025A   24333.20157241 -.00000085  00000+0  00000+0 0  9993
2 26360  54.7932  42.2099 0040043 222.9378 148.1160  2.00567171179927
TDRS 8                  
1 26388U 00034A   24333.39632847  .00000113  00000+0  00000+0 0  9994
2 26388  11.7916  35.9121 0007260 216.0885 150.7774  1.00269503 89510
NAVSTAR 48 (USA 151)    
1 26407U 00040A   24333.87265380  .00000012  00000+0  00000+0 0  9998
2 26407  55.0035 237.6333 0139216 297.3285  35.5284  2.00562578178608
CLUSTER II-FM7 (SAMBA)  
1 26410U 00041A   24332.16511059  .00001063  00000+0  00000+0 0  9998
2 26410 141.2367   2.9488 7908879 218.0524   0.6057  0.44220033 29524
INTELSAT 9 (IS-9)       
1 26451U 00043A   24333.81412038  .00000009  00000+0  00000+0 0  9994
2 26451   9.1455  54.2588 0003210 186.8823 186.3966  1.00271888 38474
CLUSTER II-FM5 (RUMBA)  
1 26463U 00045A   24335.69516441  .00005850  00000+0  00000+0 0  9999
2 26463 153.3274  39.8071 8863026 256.3284   0.3561  0.42912235 17707
CLUSTER II-FM8 (TANGO)  
1 26464U 00045B   24316.33596494  .00000530  00000+0  00000+0 0  9996
2 26464 141.0419   2.4124 7869840 217.5188   0.7328  0.44221711 65374
NSS-11                  
1 26554U 00059A   24333.83592741  .00000053  00000+0  00000+0 0  9996
2 26554   0.6588  87.8235 0002849 157.0461 300.3058  1.00272468 35626
USA 153                 
1 26575U 00065A   24333.54183657 -.00000304  00000+0  00000+0 0  9996
2 26575  10.6418  39.8269 0002981 239.2381 118.4791  1.00269707 27251
AMC-6                   
1 26580U 00067A   24333.98861625  .00000107  00000+0  00000+0 0  9990
2 26580   0.0933  83.5034 0001779 314.0968 251.7003  1.00358674 88318
NAVSTAR 49 (USA 154)    
1 26605U 00071A   24333.25711534  .00000045  00000+0  00000+0 0  9997
2 26605  55.3368 117.3254 0158348 260.6710 277.5131  2.00566074176162
INTELSAT 1R (IS-1R)     
1 26608U 00072A   24333.26230174 -.00000126  00000+0  00000+0 0  9999
2 26608   6.6618  70.9294 0007717 188.8190 199.4239  0.98974708 35635
ANIK F1                 
1 26624U 00076A   24334.12562685 -.00000047  00000+0  00000+0 0  9994
2 26624   3.7280  81.6792 0012107 174.8345  52.3051  0.98959503 88053
NAVSTAR 50 (USA 156)    
1 26690U 01004A   24333.43984417 -.00000081  00000+0  00000+0 0  9991
2 26690  54.7588  53.4433 0001151  10.8586  39.3683  1.91588418172704
ODIN                    
1 26702U 01007A   24334.03597741  .00027251  00000+0  92759-3 0  9998
2 26702  97.4671 349.2710 0008850  63.8627 296.3523 15.30349751302656
USA 157 (MILSTAR-2 2)   
1 26715U 01009A   24333.77120142  .00000130  00000+0  00000+0 0  9992
2 26715  10.9218  23.0007 0040983 173.8083 358.9082  1.00273331 27273
BSAT-2A                 
1 26720U 01011B   24334.01163958 -.00000218  00000+0  00000+0 0  9999
2 26720   9.5230  52.4302 0007894 189.6139 171.5825  0.99180882 86366
INTELSAT 10 (IS-10)     
1 26766U 01019A   24333.81412038  .00000015  00000+0  00000+0 0  9994
2 26766   7.7191  65.0113 0004078 195.2708 167.1075  1.00273352 39957
INTELSAT 901 (IS-901)   
1 26824U 01024A   24334.08140465 -.00000173  00000+0  00000+0 0  9993
2 26824   0.0638  93.4417 0001078 188.1970 148.6790  1.00279532 85927
OMNI-M1                 
1 26857U 01026A   24333.32414967 -.00000052  00000+0  00000+0 0  9994
2 26857  45.0110  15.3692 0017477 267.1568  92.6918  3.92401665183360s