CALSPHERE 1             
1 00900U 64063C   24333.73072631  .00001933  00000+0  19913-2 0  9992
2 00900  90.2120  58.9317 0026022 199.4143 332.0399 13.75621458993643
CALSPHERE 2             
1 00902U 64063E   24334.19251579  .00000114  00000+0  15804-3 0  9991
2 00902  90.2281  62.6631 0020307  70.1978 357.1771 13.52834964780329
LCS 1                   
1 01361U 65034C   24333.69532718  .00000000  00000+0 -11574-2 0  9995
2 01361  32.1420  79.6915 0009598 275.7854  84.1549  9.89307241153880
TEMPSAT 1               
1 01512U 65065E   24333.62572361  .00000126  00000+0  23415-3 0  9994
2 01512  89.9668 213.4650 0070894  37.9854 350.7131 13.33543884884677
CALSPHERE 4A            
1 01520U 65065H   24334.18737446  .00000249  00000+0  46329-3 0  9997
2 01520  89.9329 127.1007 0067848 257.5548 277.2505 13.36137362887665
OPS 5712 (P/L 160)      
1 02826U 67053A   24333.90515454  .00019985  00000+0  37249-2 0  9995
2 02826  69.9223 331.3523 0003539 261.6808  98.3932 14.65019147983037
LES-5                   
1 02866U 67066E   24333.89135719 -.00000083  00000+0  00000+0 0  9995
2 02866   1.3661 121.7030 0056495 174.1408 188.3082  1.09425983124850
SURCAL 159              
1 02872U 67053F   24333.73873537  .00000525  00000+0  39769-3 0  9996
2 02872  69.9722 138.2240 0004854 157.9446 202.1870 13.99359356931098
OPS 5712 (P/L 153)      
1 02874U 67053H   24333.67141798  .00000232  00000+0  20569-3 0  9991
2 02874  69.9738 247.3131 0009246 227.0601 132.9730 13.96679609927813
SURCAL 150B             
1 02909U 67053J   24333.90662859  .00068622  00000+0  60621-2 0  9991
2 02909  69.9339 260.9222 0003346 256.8183 103.2601 14.95949864995525
OPS 3811 (DSP 2)        
1 05204U 71039A   24333.87789069 -.00000061  00000+0  00000+0 0  9996
2 05204   1.2335 283.8971 0023161 355.5592 132.2319  0.98161449200681
RIGIDSPHERE 2 (LCS 4)   
1 05398U 71067E   24334.17123345  .00002580  00000+0  85586-3 0  9997
2 05398  87.6211 135.6555 0059323 307.4705  52.1106 14.36536922792958
OSCAR 7 (AO-7)          
1 07530U 74089B   24333.92482132 -.00000018  00000+0  17868-3 0  9991
2 07530 101.9895 330.1817 0012338 129.1561 257.6539 12.53683140289688
STARLETTE               
1 07646U 75010A   24333.90530604 -.00000108  00000+0  28230-4 0  9996
2 07646  49.8220 175.8551 0205595 355.6240   4.2852 13.82337972516348
LAGEOS 1                
1 08820U 76039A   24333.31491455  .00000027  00000+0  00000+0 0  9997
2 08820 109.8530 345.5149 0044027  63.1225 306.0413  6.38664913877008
OPS 8701 (DSP 10)       
1 13086U 82019A   24333.86233909 -.00000118  00000+0  00000+0 0  9992
2 13086  10.4443 313.3372 0005253 279.7766  94.7095  0.98190666 20110
PHASE 3B (AO-10)        
1 14129U 83058B   24332.09247481 -.00000458  00000+0  00000+0 0  9996
2 14129  27.2897 313.4548 6040192 320.2834   8.1478  2.05873116283819
UOSAT 2 (UO-11)         
1 14781U 84021B   24333.78008932  .00005352  00000+0  58677-3 0  9998
2 14781  97.7280 298.4554 0006213 250.8677 109.1867 14.88130061172958
AJISAI (EGS)            
1 16908U 86061A   24333.94558778 -.00000107  00000+0 -66482-4 0  9992
2 16908  50.0093  85.4894 0011395 180.8179 299.9328 12.44509231410002
TDRS 3                  
1 19548U 88091B   24333.93423038 -.00000283  00000+0  00000+0 0  9992
2 19548  13.0365 344.7804 0039830 337.3928  33.4816  1.00279346119700
COSMOS 1989 (ETALON 1)  
1 19751U 89001C   24334.14130844 -.00000009  00000+0  00000+0 0  9990
2 19751  64.6333  91.5686 0023738 216.2042 315.3847  2.13156121279398
COSMOS 2024 (ETALON 2)  
1 20026U 89039C   24333.46124312 -.00000041  00000+0  00000+0 0  9991
2 20026  65.2604 329.9562 0019838 216.6047 213.4856  2.13204525276442
FLTSATCOM 8 (USA 46)    
1 20253U 89077A   24333.49129330 -.00000350  00000+0  00000+0 0  9996
2 20253  12.5844 354.5550 0006442 262.6588 113.3572  1.00272187254896
LUSAT (LO-19)           
1 20442U 90005G   24333.93187599  .00000672  00000+0  25835-3 0  9992
2 20442  98.8941 328.6613 0012660  65.2332 295.0167 14.33774858821447
HST                     
1 20580U 90037B   24333.66467875  .00014424  00000+0  61570-3 0  9994
2 20580  28.4698 320.4190 0002115  41.5169 318.5585 15.21396358702072
SKYNET 4C               
1 20776U 90079A   24333.73610167  .00000142  00000+0  00000+0 0  9998
2 20776  13.5221 353.6627 0003463 261.4500 111.3832  1.00277089125229
USA 65 (DSP 15)         
1 20929U 90095A   24333.33306262 -.00000221  00000+0  00000+0 0  9999
2 20929  14.3581 347.9800 0003449 106.3536 256.7843  0.98400259 19902
TDRS 5                  
1 21639U 91054B   24333.50265345 -.00000286  00000+0  00000+0 0  9990
2 21639  14.1414 357.9084 0006245 257.3474 291.2363  1.00278889122030
USA 75 (DSP 16)         
1 21805U 91080B   24333.09821087  .00000082  00000+0  00000+0 0  9992
2 21805  14.3122 349.5543 0003421 119.6137  53.3617  0.99184314 20097
LAGEOS 2                
1 22195U 92070B   24334.19684799 -.00000009  00000+0  00000+0 0  9994
2 22195  52.6547 263.7217 0137326 299.9049 209.5585  6.47293761759046